punto_1,punto_2,punto_3
0,1,2
2,1,3
4,5,6
5,4,7
8,9,10
8,10,11
12,13,14
12,14,15
16,17,18
18,17,19
20,21,22
21,20,23
24,25,26
25,24,27
28,29,30
29,28,31
32,33,34
33,32,35
36,37,38
37,36,39
40,41,42
42,41,43
44,45,46
45,44,47
48,43,49
42,43,48
0,50,51
50,0,52
53,54,55
54,53,56
57,58,59
57,59,60
61,62,63
62,61,64
65,66,67
66,65,68
69,70,71
70,69,72
73,74,75
73,75,76
77,78,79
78,77,80
81,82,83
82,81,84
85,86,87
86,85,88
89,90,91
89,91,92
93,94,95
94,93,96
97,98,99
99,98,100
101,102,103
101,103,104
105,106,107
105,107,108
109,110,111
110,109,112
113,114,115
113,115,116
117,118,119
118,117,120
121,122,123
122,121,124
125,126,127
126,125,128
129,130,131
131,130,132
133,134,91
134,133,135
136,137,138
136,138,139
140,141,142
141,140,143
144,145,146
145,144,147
148,149,150
148,150,151
152,153,6
6,153,154
10,9,155
155,9,156
157,158,159
158,157,160
161,13,162
13,161,19
163,164,165
164,163,166
167,168,169
168,167,170
171,172,2
171,2,173
174,175,176
174,176,177
178,179,180
179,178,181
182,183,184
183,182,185
186,187,188
187,186,189
88,190,191
190,88,73
192,193,194
193,192,195
196,197,198
196,198,199
200,201,202
201,200,203
204,115,205
204,205,206
207,208,39
37,39,208
209,210,211
210,209,212
213,214,215
214,213,216
217,218,219
218,217,220
221,222,223
222,221,224
225,226,227
226,225,228
229,230,231
230,229,232
233,234,235
233,235,236
132,237,238
131,132,238
239,240,241
239,241,242
243,244,245
244,243,246
247,248,249
247,249,250
251,252,253
251,253,254
255,256,257
255,257,258
259,260,261
259,261,262
263,264,265
263,265,266
267,225,268
267,268,269
270,271,272
270,272,273
274,275,276
275,274,277
278,17,279
278,279,280
281,282,283
281,283,284
285,286,287
285,287,288
289,290,291
289,291,287
292,293,294
292,294,295
296,297,298
296,298,292
299,300,301
299,301,302
31,28,303
304,305,306
304,306,307
308,309,310
310,309,81
311,312,76
311,76,313
314,315,316
315,314,317
318,319,320
319,318,321
322,4,323
4,322,324
325,326,327
325,327,118
328,207,329
207,328,330
331,332,333
331,333,334
335,336,337
335,337,338
97,339,340
339,97,341
342,343,344
344,343,345
346,347,348
347,346,349
350,351,352
350,352,186
353,354,355
354,353,356
357,358,359
357,359,360
361,362,49
362,361,363
364,365,366
365,364,367
368,369,370
369,368,371
372,373,374
373,372,375
376,377,378
377,376,379
380,381,382
381,380,383
384,385,93
96,93,385
386,254,387
386,387,388
389,230,390
230,389,391
392,393,394
392,394,395
396,397,398
398,397,399
400,401,402
402,401,403
157,404,405
405,404,406
407,408,409
408,407,410
17,16,411
17,411,412
244,246,31
31,246,413
414,415,416
416,415,417
415,414,418
305,304,398
306,305,419
304,307,420
396,398,304
304,420,396
421,422,30
421,30,291
422,421,423
303,28,424
425,426,427
426,425,428
426,428,429
428,425,430
429,428,431
428,430,432
429,431,433
431,428,432
432,430,420
434,435,358
359,358,435
435,434,436
299,302,437
300,299,438
302,301,439
296,292,440
292,298,441
297,296,442
231,230,391
231,391,443
292,295,440
293,292,441
444,445,160
160,445,446
445,444,447
448,157,449
157,405,449
160,157,448
448,449,450
411,451,452
411,452,453
411,16,451
452,451,454
412,411,453
393,392,455
393,455,383
456,457,458
456,458,459
457,456,460
456,459,461
458,457,462
294,293,463
463,293,464
293,441,464
294,463,465
466,467,468
466,468,469
467,466,470
471,472,473
472,471,474
472,474,475
474,471,476
475,474,477
474,476,478
475,477,479
477,474,478
478,476,480
481,482,483
481,483,484
482,481,485
248,247,486
248,486,487
28,422,488
488,422,489
28,30,422
422,423,489
424,28,488
384,93,242
490,491,492
490,492,493
491,490,494
490,493,495
492,491,496
497,498,499
498,497,500
500,497,382
498,500,501
497,499,502
435,270,503
359,435,503
435,436,270
504,505,506
505,504,507
505,507,508
507,504,509
508,507,510
507,509,511
508,510,512
510,507,511
511,509,513
490,514,515
494,490,515
490,495,514
282,281,516
282,516,446
386,404,517
517,404,159
406,404,386
410,518,519
408,410,519
518,410,413
519,518,520
521,12,522
521,522,523
12,521,162
522,12,524
521,523,442
296,440,521
162,521,440
442,296,521
525,467,526
526,467,527
468,467,525
467,470,527
525,526,454
468,525,451
451,16,468
454,451,525
407,528,232
407,232,529
407,409,528
410,407,529
413,410,529
290,289,530
286,285,531
403,401,532
403,532,288
532,401,533
157,159,404
400,402,255
400,255,534
535,536,537
535,537,538
536,535,539
535,538,485
537,536,250
460,456,540
460,540,487
456,461,540
536,539,247
486,247,539
247,250,536
96,385,541
96,541,542
541,385,543
259,305,544
305,398,544
419,305,259
401,400,545
545,400,546
400,534,546
533,401,545
13,19,278
13,278,547
548,549,443
443,549,550
549,548,496
551,552,553
553,552,554
552,551,242
282,445,555
283,282,555
446,445,282
445,447,555
551,556,239
556,551,557
551,553,557
556,557,558
239,242,551
19,17,278
279,17,412
278,280,547
244,303,559
559,303,560
31,303,244
303,424,560
245,244,559
277,541,561
275,277,561
542,541,277
541,543,561
285,532,562
562,532,563
285,288,532
532,533,563
531,285,562
564,482,565
565,482,566
483,482,564
482,485,566
564,565,567
434,568,569
568,434,274
434,358,274
274,276,568
436,434,569
277,274,358
542,277,358
267,260,228
228,260,544
260,267,479
421,290,570
570,290,571
291,290,421
290,530,571
423,421,570
572,573,574
573,572,575
573,575,576
575,572,577
576,575,578
575,577,579
576,578,442
578,575,579
579,577,580
289,286,581
581,286,582
287,286,289
286,531,582
530,289,581
270,273,503
273,272,438
271,270,436
302,583,227
437,302,227
302,439,583
584,557,516
557,553,516
558,557,584
228,225,267
268,225,585
267,269,479
444,448,586
444,586,587
444,160,448
448,450,586
447,444,587
380,382,497
497,502,380
299,437,273
503,273,437
438,299,273
550,549,491
491,494,550
496,491,549
263,266,588
266,265,501
264,263,567
397,396,425
430,425,396
425,427,397
396,420,430
260,259,544
259,262,419
261,260,479
13,12,162
14,13,547
12,15,524
466,589,590
590,589,591
466,469,589
591,589,395
470,466,590
589,469,392
455,392,469
392,395,589
394,393,592
592,393,380
383,380,393
380,502,592
295,294,593
295,593,416
294,465,593
414,594,595
594,414,593
414,416,593
593,465,594
418,414,595
596,583,597
596,597,598
227,583,596
583,439,597
596,598,585
225,227,596
585,225,596
599,600,601
600,599,602
600,602,603
602,599,604
603,602,605
602,604,606
603,605,409
605,602,606
606,604,607
608,391,609
391,389,609
443,391,608
608,609,610
548,611,612
611,548,608
548,443,608
608,610,611
496,548,612
613,614,615
614,613,616
614,616,617
616,613,618
617,616,619
616,618,620
617,619,462
619,616,620
620,618,621
256,255,402
257,256,427
255,258,534
230,232,622
390,230,622
622,528,623
623,528,624
232,528,622
390,622,623
528,409,624
415,251,517
417,415,517
415,418,251
254,386,517
387,254,625
386,388,406
251,254,517
254,253,625
252,251,418
249,248,626
626,248,540
248,487,540
540,461,626
539,535,481
481,484,539
485,481,535
518,246,627
246,243,627
413,246,518
520,518,627
628,514,629
629,514,630
515,514,628
514,495,630
628,629,462
399,397,256
256,402,399
397,427,256
385,384,631
631,384,241
543,385,631
242,241,384
584,281,632
584,632,633
516,281,584
558,584,633
281,284,632
93,95,552
554,552,95
242,93,552
634,635,636
635,634,637
635,637,638
637,634,639
638,637,640
637,639,641
638,640,642
640,637,641
641,639,643
263,588,564
483,564,588
564,567,263
500,382,266
588,266,382
501,500,266
515,628,457
457,460,515
462,457,628
644,645,646
645,644,647
645,647,648
647,644,649
648,647,650
647,649,651
648,650,530
650,647,651
651,649,652
653,654,655
654,653,656
654,656,657
656,653,658
657,656,659
656,658,660
657,659,533
659,656,660
660,658,661
662,663,664
663,662,665
663,665,666
665,662,667
666,665,668
665,667,669
666,668,245
668,665,669
669,667,670
671,672,580
672,671,673
672,673,674
673,671,675
674,673,676
673,675,677
674,676,441
676,673,677
677,675,678
297,442,578
297,578,679
298,297,679
578,579,679
298,679,674
679,579,672
441,298,674
672,674,679
579,580,672
680,681,682
681,680,683
681,683,684
683,680,685
684,683,686
683,685,687
684,686,395
686,683,687
687,685,688
689,690,691
690,689,692
690,692,693
692,689,694
693,692,695
692,694,696
693,695,502
695,692,696
696,694,682
592,502,695
592,695,697
394,592,697
695,696,697
394,697,684
697,696,681
395,394,684
681,684,697
682,681,696
698,699,534
699,698,700
699,700,701
700,698,702
701,700,703
700,702,704
701,703,655
703,700,704
704,702,705
546,534,699
546,699,706
545,546,706
699,701,706
545,706,657
706,701,654
533,545,657
654,657,706
655,654,701
707,708,709
708,707,710
708,710,711
710,707,712
711,710,713
710,712,714
711,713,547
713,710,714
714,712,715
716,717,718
717,716,719
717,719,720
719,716,721
720,719,722
719,721,723
720,722,424
722,719,723
723,721,664
560,424,722
560,722,724
559,560,724
722,723,724
559,724,666
724,723,663
245,559,666
663,666,724
664,663,723
725,726,727
726,725,728
726,728,729
728,725,730
729,728,731
728,730,732
729,731,485
731,728,732
732,730,733
537,250,734
537,734,735
538,537,735
735,734,736
538,735,729
735,736,726
485,538,729
726,729,735
727,726,736
737,738,739
738,737,740
738,740,741
740,737,742
741,740,743
740,742,744
741,743,284
743,740,744
744,742,745
746,747,607
747,746,748
747,748,749
748,746,750
749,748,751
748,750,752
749,751,390
751,748,752
752,750,753
409,605,624
624,605,754
623,624,754
605,606,754
623,754,749
754,606,747
390,623,749
747,749,754
606,607,747
755,756,276
756,755,757
756,757,758
757,755,759
758,757,760
757,759,761
758,760,762
760,757,761
761,759,763
568,276,756
568,756,764
569,568,764
756,758,764
569,764,765
764,758,766
436,569,765
765,764,766
758,762,766
563,533,659
563,659,767
562,563,767
659,660,767
562,767,768
767,660,769
531,562,768
768,767,769
660,661,769
769,661,770
769,770,771
768,769,771
771,770,772
768,771,773
771,772,774
531,768,773
773,771,774
774,772,646
582,531,773
582,773,775
581,582,775
773,774,775
581,775,648
775,774,645
530,581,648
645,648,775
646,645,774
489,423,776
489,776,777
488,489,777
777,776,778
488,777,720
777,778,717
424,488,720
717,720,777
718,717,778
779,780,652
780,779,781
780,781,782
781,779,783
782,781,776
781,783,778
776,423,782
778,776,781
718,778,783
571,530,650
571,650,784
570,571,784
650,651,784
570,784,782
784,651,780
423,570,782
780,782,784
651,652,780
252,418,785
252,785,786
253,252,786
786,785,787
253,786,788
786,787,789
625,253,788
788,786,789
789,787,678
625,788,790
790,788,791
790,791,792
788,789,791
792,791,793
791,789,794
792,793,506
793,791,794
789,678,794
625,790,795
795,790,796
795,796,797
790,792,796
797,796,508
796,792,505
508,512,797
505,508,796
506,505,792
797,512,798
797,798,799
795,797,799
799,798,800
795,799,801
799,800,802
625,795,801
801,799,802
802,800,803
387,625,801
387,801,804
388,387,804
801,802,804
388,804,805
804,802,806
406,388,805
805,804,806
802,803,806
271,436,765
271,765,807
272,271,807
765,766,807
272,807,808
807,766,809
438,272,808
808,807,809
766,762,809
438,808,810
810,808,811
810,811,812
808,809,811
812,811,813
811,809,814
812,813,815
813,811,814
809,762,814
556,558,816
556,816,817
239,556,817
817,816,818
240,239,817
817,818,819
240,817,819
819,818,763
820,821,745
821,820,822
821,822,823
822,820,824
823,822,816
822,824,818
816,558,823
818,816,822
763,818,824
632,284,743
632,743,825
633,632,825
743,744,825
633,825,823
825,744,821
558,633,823
821,823,825
744,745,821
826,827,828
827,826,829
827,829,830
829,826,831
830,829,832
829,831,833
830,832,450
832,829,833
833,831,834
586,450,832
586,832,835
587,586,835
832,833,835
587,835,836
835,833,837
447,587,836
836,835,837
833,834,837
837,834,838
837,838,839
836,837,839
839,838,840
836,839,841
839,840,842
447,836,841
841,839,842
842,840,739
555,447,841
555,841,843
283,555,843
841,842,843
283,843,741
843,842,738
284,283,741
738,741,843
739,738,842
264,567,844
264,844,845
265,264,845
845,844,846
265,845,847
845,846,848
501,265,847
847,845,848
848,846,849
848,849,850
848,850,851
847,848,851
851,850,852
847,851,853
851,852,854
501,847,853
853,851,854
854,852,691
498,501,853
498,853,855
499,498,855
853,854,855
499,855,693
855,854,690
502,499,693
690,693,855
691,690,854
856,857,815
857,856,858
857,858,859
858,856,860
859,858,861
858,860,862
859,861,439
861,858,862
862,860,863
300,438,810
300,810,864
301,300,864
810,812,864
301,864,859
864,812,857
439,301,859
857,859,864
812,815,857
865,866,433
866,865,867
866,867,868
867,865,869
868,867,638
867,869,635
638,642,868
635,638,867
636,635,869
868,642,870
868,870,871
866,868,871
871,870,872
866,871,873
871,872,874
433,866,873
873,871,874
874,872,705
875,876,877
876,875,878
876,878,879
878,875,880
879,878,865
878,880,869
865,433,879
869,865,878
636,869,880
432,420,881
432,881,882
431,432,882
882,881,883
431,882,879
882,883,876
433,431,879
876,879,882
877,876,883
306,419,884
306,884,885
307,306,885
885,884,886
307,885,881
885,886,883
420,307,881
883,881,885
877,883,886
887,888,480
888,887,889
888,889,890
889,887,891
890,889,884
889,891,886
884,419,890
886,884,889
877,886,891
479,477,261
261,477,892
262,261,892
477,478,892
262,892,890
892,478,888
419,262,890
888,890,892
478,480,888
893,894,895
894,893,896
894,896,897
896,893,898
897,896,899
896,898,900
897,899,412
899,896,900
900,898,709
279,412,899
279,899,901
280,279,901
899,900,901
280,901,711
901,900,708
547,280,711
708,711,901
709,708,900
14,547,713
14,713,902
15,14,902
713,714,902
15,902,903
902,714,904
524,15,903
903,902,904
714,715,904
904,715,905
904,905,906
903,904,906
906,905,907
903,906,908
906,907,909
524,903,908
908,906,909
909,907,574
522,524,908
522,908,910
523,522,910
908,909,910
523,910,576
910,909,573
442,523,576
573,576,910
574,573,909
911,912,913
912,911,914
912,914,915
914,911,916
915,914,917
914,916,918
915,917,454
917,914,918
918,916,895
452,454,917
452,917,919
453,452,919
917,918,919
453,919,897
919,918,894
412,453,897
894,897,919
895,894,918
920,921,863
921,920,922
921,922,923
922,920,924
923,922,925
922,924,926
923,925,585
925,922,926
926,924,473
268,585,925
268,925,927
269,268,927
925,926,927
269,927,475
927,926,472
475,479,269
472,475,927
473,472,926
597,439,861
597,861,928
598,597,928
861,862,928
598,928,923
928,862,921
585,598,923
921,923,928
862,863,921
389,390,751
389,751,929
609,389,929
751,752,929
609,929,930
929,752,931
610,609,930
930,929,931
752,753,931
931,753,932
931,932,933
930,931,933
933,932,934
930,933,935
933,934,936
610,930,935
935,933,936
936,934,937
611,610,935
611,935,938
612,611,938
935,936,938
612,938,939
938,936,940
496,612,939
939,938,940
936,937,940
257,427,941
257,941,942
258,257,942
942,941,943
258,942,698
942,943,702
534,258,698
702,698,942
705,702,943
429,433,873
429,873,944
426,429,944
873,874,944
426,944,941
944,874,943
427,426,941
943,941,944
874,705,943
806,803,945
806,945,946
805,806,946
946,945,947
805,946,948
946,947,949
406,805,948
948,946,949
949,947,828
405,406,948
405,948,950
449,405,950
948,949,950
449,950,830
950,949,827
450,449,830
827,830,950
828,827,949
630,495,951
630,951,952
629,630,952
952,951,953
629,952,617
952,953,614
617,462,629
614,617,952
615,614,953
954,955,937
955,954,956
955,956,957
956,954,958
957,956,951
956,958,953
951,495,957
953,951,956
615,953,958
492,496,939
492,939,959
493,492,959
939,940,959
493,959,957
959,940,955
495,493,957
955,957,959
940,937,955
458,462,619
458,619,960
459,458,960
619,620,960
459,960,961
960,620,962
461,459,961
961,960,962
620,621,962
461,961,963
963,961,964
963,964,965
961,962,964
965,964,966
964,962,967
965,966,727
966,964,967
962,621,967
626,461,963
626,963,968
249,626,968
963,965,968
249,968,734
968,965,736
250,249,734
736,734,968
727,736,965
243,245,668
243,668,969
627,243,969
668,669,969
627,969,970
969,669,971
520,627,970
970,969,971
669,670,971
971,670,972
971,972,973
970,971,973
973,972,974
970,973,975
973,974,976
520,970,975
975,973,976
976,974,601
519,520,975
519,975,977
408,519,977
975,976,977
408,977,603
977,976,600
409,408,603
600,603,977
601,600,976
464,441,676
464,676,978
463,464,978
676,677,978
463,978,979
978,677,980
465,463,979
979,978,980
677,678,980
594,465,979
594,979,981
595,594,981
979,980,981
595,981,785
981,980,787
418,595,785
787,785,981
678,787,980
561,543,982
561,982,983
275,561,983
983,982,984
275,983,755
983,984,759
276,275,755
759,755,983
763,759,984
241,240,985
631,241,985
240,819,985
631,985,982
985,819,984
543,631,982
984,982,985
819,763,984
986,987,733
987,986,988
987,988,989
988,986,990
989,988,844
988,990,846
844,567,989
846,844,988
849,846,990
566,485,731
566,731,991
565,566,991
731,732,991
565,991,989
991,732,987
567,565,989
987,989,991
732,733,987
992,993,688
993,992,994
993,994,995
994,992,996
995,994,997
994,996,998
995,997,470
997,994,998
998,996,913
591,395,686
591,686,999
590,591,999
686,687,999
590,999,995
999,687,993
470,590,995
993,995,999
687,688,993
527,470,997
527,997,1000
526,527,1000
997,998,1000
526,1000,915
1000,998,912
454,526,915
912,915,1000
913,912,998
1001,153,1002
1002,153,1003
1004,155,1005
155,156,1005
1004,1005,1006
311,1007,1008
311,1008,1009
312,311,1009
153,152,1003
1010,130,1011
130,129,1012
1011,130,1012
37,208,1013
208,330,1014
1013,208,1014
1015,343,1016
343,342,1017
1016,343,1017
1018,1019,1020
1021,1022,1023
1023,1022,1024
1024,1022,1025
1026,1027,1028
1029,1030,1031
1030,321,1032
1031,1030,1032
38,37,1033
37,1013,1033
1034,1035,1036
1037,1034,1038
1034,1036,1038
1039,1040,1041
1040,1042,1043
1041,1040,1043
1039,1041,1044
1039,1044,1045
362,1010,1046
362,1046,1047
1048,47,1049
1050,1051,1052
1053,1054,1055
1054,38,1056
1055,1054,1056
1027,1057,1058
1028,1027,1058
1059,1060,1061
1061,1060,1062
1018,1063,1064
1065,1066,1064
1018,1064,1066
318,1067,1068
318,1068,1069
321,318,1069
1070,1071,1072
1073,1070,1074
1070,1072,1074
1071,1075,1076
1072,1071,1076
1077,101,1078
1078,101,1079
101,104,1079
1080,1081,1082
1082,1081,1083
1081,1080,1042
1083,1081,1021
1084,1037,1085
1037,1038,1085
1086,48,1087
48,49,1088
1087,48,1088
44,1089,1090
1090,1089,1091
1091,1089,1092
1093,1094,1095
1093,1095,1096
1091,1092,1093
1093,1096,1091
49,362,1047
1097,1098,1099
1097,1099,1100
1101,1097,1102
1097,1100,1102
1097,1101,1103
1104,1105,1106
1104,1106,1107
1104,1107,1108
1109,1110,1111
1111,1110,1112
1112,1110,1053
204,206,1113
204,1113,1114
204,1114,116
1115,1116,1117
1116,191,1118
1117,1116,1118
1021,1023,1083
330,1084,1119
1084,1085,1119
1120,1121,1122
1122,1121,1123
1123,1121,1124
1124,1121,1125
1125,1121,1086
1035,1029,1126
1029,1031,1126
1127,1128,1129
1127,1129,1130
1127,1130,156
1036,1035,1126
1131,53,1132
53,55,1133
1132,53,1133
213,215,1134
213,1134,1135
213,1135,1136
350,1050,1137
350,1137,1138
351,350,1138
339,341,1139
339,1139,1140
339,1140,1141
1142,1143,1144
1144,1143,1145
1145,1143,1146
1147,1048,1148
1147,1148,1149
1147,1149,1051
1150,1151,1152
1151,51,1153
1152,1151,1153
1010,1011,1046
1154,1155,1156
1154,1156,1157
1154,1157,1158
1018,1020,1063
1062,1060,1159
1062,1159,1160
1160,1159,351
1108,1107,50
50,1107,1161
51,50,1161
1015,1016,1095
1095,1094,1015
1162,1026,1163
1026,1028,1163
1164,1165,1166
1166,1165,1167
1167,1165,1168
1169,1170,1171
1169,1171,1172
1169,1172,1019
84,309,1173
309,308,1174
1173,309,1174
1175,1176,1177
1175,1177,1178
1175,1178,152
1045,1044,1179
1179,1044,1180
1179,1180,1168
1181,1182,1183
1183,1182,1184
1184,1182,1185
1099,1098,1115
1115,1117,1099
1086,1087,1125
1186,1150,1187
1150,1152,1187
325,1188,1189
325,1189,1190
326,325,1190
191,190,1191
1191,190,1192
1192,190,312
1193,1103,1194
1103,1101,1194
1195,1004,1196
1004,1006,1196
372,1197,1198
372,1198,1199
375,372,1199
1076,1075,1200
1076,1200,1201
1201,1200,1186
1202,1131,1203
1131,1132,1203
129,1204,1205
1012,129,1205
308,1206,1207
1207,1206,1208
1208,1206,1195
1209,1210,1211
1209,1211,1212
1079,104,1209
1209,1212,1079
1213,1214,1215
1215,1214,1216
1216,1214,1217
1218,326,1219
1218,1219,1220
1218,1220,1221
206,1222,1223
1113,206,1223
38,1033,1056
1224,1221,1225
1224,1225,1226
1224,1226,1176
1227,1001,1228
1001,1002,1228
1229,84,1230
1229,1230,1231
1229,1231,1232
1233,1141,1234
1233,1234,1235
1233,1235,1236
1237,1238,1239
1237,1239,1240
1237,1240,1210
55,1241,1242
1242,1241,1243
1243,1241,1244
1195,1196,1245
1208,1195,1245
1128,1227,1246
1129,1128,1246
1050,1052,1137
47,44,1247
44,1090,1247
1217,1073,1248
1073,1074,1248
1053,1055,1112
1216,1217,1248
1249,1250,1251
1251,1250,1252
1252,1250,1213
80,77,1253
80,1253,1254
1024,1025,80
80,1254,1024
1238,1232,1255
1232,1231,1255
1222,1256,1257
1257,1256,1258
1258,1256,1164
1146,1259,1260
1260,1259,1261
1261,1259,1262
1174,308,1207
1170,1263,1264
1171,1170,1264
1265,1266,1267
1265,1267,1268
1265,1268,215
1032,321,1069
1188,1269,1270
1270,1269,1271
1271,1269,1193
1272,1273,1274
1274,1273,1275
1275,1273,1109
1048,1049,1148
1197,1276,1277
1198,1197,1277
1262,1181,1278
1181,1183,1278
1155,1279,1280
1156,1155,1280
1213,1215,1252
1185,1272,1281
1184,1185,1281
342,1136,1282
1017,342,1282
77,1236,1283
1236,1235,1283
1284,1077,1285
1077,1078,1285
1286,1065,1287
1065,1064,1287
1279,1059,1288
1059,1061,1288
1120,1122,1289
1289,1122,1290
1289,1290,1067
1057,1249,1291
1249,1251,1291
326,1190,1219
1263,1284,1292
1284,1285,1292
1204,116,1293
1205,1204,1293
1052,1051,1149
1005,156,1130
1145,1146,1260
1272,1274,1281
1276,1162,1294
1277,1276,1294
1266,1142,1295
1267,1266,1295
1221,1220,1225
1177,1176,1226
1007,1158,1296
1158,1157,1296
1136,1135,1282
1105,1286,1297
1286,1287,1297
1280,1279,1288
1162,1163,1294
1264,1263,1292
351,1138,1160
1003,152,1178
1049,47,1247
1261,1262,1278
1298,1299,1300
139,138,1301
1302,1303,1304
1304,1303,205
1186,1187,1201
402,403,1305
1306,1307,1308
1308,1307,1309
116,1114,1293
1310,1311,1312
1313,1312,1314
1312,1313,1263
1315,1316,1317
1317,1316,1318
1319,1320,1321
1319,1321,1322
370,369,1323
1321,1320,1324
1324,1320,1325
159,158,1326
158,160,446
1327,1328,1329
1327,1329,1330
154,1001,1331
1245,1196,1332
370,1323,1333
370,1333,1334
322,323,32
322,1335,1333
32,34,1335
1336,1337,1338
1338,1337,1339
455,1340,1337
455,469,1340
1339,1340,1341
1342,1343,379
1342,379,1344
1,1151,1345
3,1,1345
1346,460,1347
486,539,1348
486,1348,1349
1185,1182,1350
1185,1350,1351
1352,1353,1354
1353,1355,1356
1357,1358,1359
1358,1357,1360
1361,1362,1363
1361,1363,1364
1365,145,1366
1365,1366,1367
1368,1369,1370
1369,1368,1371
1372,36,1368
1372,1368,329
215,214,1265
1373,345,1015
1019,1018,1374
1375,1376,1377
1376,1375,1378
1379,1380,1381
1379,1381,111
1118,191,1191
1014,330,1119
1382,1383,1115
1027,1026,1384
1385,1386,1387
1387,1386,1388
1389,201,79
79,201,1390
1391,1392,1393
1393,1392,1394
1392,1391,319
320,319,1391
1395,1396,1397
1395,1397,1398
1399,1400,1401
1402,1400,1403
1404,1403,1405
1405,1403,1406
1088,49,1047
1407,1408,1409
1410,1408,1411
1412,1413,1414
1415,1413,1416
1408,1407,1411
1407,1409,1417
516,553,1418
223,222,1419
1420,1421,1422
1422,1421,1423
87,86,1383
127,126,1424
1425,1426,1427
1244,375,1428
1429,1424,1430
218,1431,170
1431,218,1432
1371,1368,36
1371,36,1433
146,145,1365
1369,1371,1434
1434,1371,1435
144,146,1434
144,1435,1436
1437,1438,1059
1438,1437,1354
205,115,1439
115,114,1439
123,122,1440
1034,1441,1442
1035,1034,1442
1404,1405,1442
1442,1405,1394
1443,1444,1445
1153,51,1161
1446,1447,216
515,460,1346
550,494,1448
1448,494,1449
494,515,1346
1450,1451,1452
1452,1451,1453
1451,1454,1455
1451,1455,1456
1457,1458,1459
1458,1457,1419
1322,371,1460
1460,371,1461
1462,1463,1464
1463,1465,1466
1467,233,348
234,233,1467
41,40,1468
82,1229,1469
82,1469,378
1313,1314,1470
1311,1310,1471
1472,1473,1474
1473,1475,1476
1477,1478,1479
1477,1479,1480
1475,1480,1481
381,1336,1482
1337,1336,383
1335,34,1334
117,1483,1484
1485,1483,1486
1483,117,1486
120,117,1484
35,1128,1487
1227,1128,35
1488,1489,316
1490,1488,315
199,198,1045
539,484,1348
1491,1492,1493
1492,1491,1494
1495,1496,1497
544,398,1498
398,399,1498
1499,1500,1501
1500,1499,1502
1502,1499,1503
1380,1379,1504
1380,1504,1505
1376,1378,1506
1506,1378,1466
1507,1508,1320
1507,1319,1509
1155,1154,1510
1511,1512,1513
1514,1515,1516
1516,1515,1517
178,180,1518
72,178,1519
1520,1521,1522
1522,1521,1523
175,1524,1525
1518,1524,1523
1526,1527,1528
1527,179,1529
1530,1531,1525
1530,1525,180
1532,1533,1520
1533,1534,1535
1521,70,1519
71,70,1520
1520,1522,1532
178,1518,1519
1518,180,1525
1536,1537,1538
1539,1540,1541
1541,1540,1466
1542,1543,1544
1542,1544,1545
1544,1543,1546
1546,1543,151
105,108,1547
1548,1549,1550
192,194,1551
362,363,1010
226,228,1552
45,47,1048
84,1173,1230
1424,1553,1554
1468,40,1289
1120,1289,40
63,62,1555
1556,62,1557
1558,1557,1559
1558,1560,1561
1508,1562,1563
1556,1562,1564
1563,1562,1556
1556,1564,1555
361,43,1301
49,43,361
1565,1566,1567
164,166,1565
166,163,1568
1569,1566,166
1566,1569,1570
1571,1572,1498
1498,1572,1552
1051,1050,188
1438,1573,1060
1573,1354,1574
1575,1576,1577
1578,1576,1579
1578,1580,1581
1580,25,1582
1583,24,1579
27,24,1584
25,27,1585
1580,1578,26
1578,1581,1577
1485,1486,1586
1586,1486,1360
67,66,1587
67,1587,1588
65,1589,1590
99,100,1591
100,1592,1593
1594,1593,1595
1595,1593,1596
416,417,182
185,182,417
1597,224,184
1597,183,1598
517,159,417
183,185,128
1427,1426,1599
1600,1601,1602
1600,1602,1603
1604,1605,1606
1605,1604,1509
1092,1089,1607
377,1608,1609
1610,1611,1612
1611,1610,1613
1614,1615,1616
1615,1614,333
353,355,437
437,227,353
1617,1511,1618
1617,1618,1619
1550,1549,1620
1620,1549,203
171,366,1621
171,1621,1622
1623,1624,1448
1448,1624,1625
366,365,1621
1534,1532,1626
1534,1626,1443
1627,1628,174
1628,1627,1629
360,359,1630
360,1630,1631
360,1631,1632
1632,1631,1633
1634,1635,1636
1634,1636,1637
1638,1639,1640
1638,1640,1590
68,65,1640
1641,189,1642
66,1641,1643
66,68,1641
1587,66,1643
1602,1601,1644
1644,1601,1645
1646,1575,1647
1646,1648,1649
1583,1579,1650
1583,1651,1652
1649,1651,1650
1651,1649,1653
378,377,1654
1614,1616,1655
1614,1655,334
1352,1354,1437
1352,1437,1656
1243,1244,1428
1657,1658,1659
1657,1659,1660
1638,1661,1636
1661,1590,1662
318,320,1067
1432,1663,1664
1431,1432,1664
1310,1312,1170
1438,1354,1573
114,113,1665
1665,1666,236
348,1667,1668
1668,1667,1669
206,205,1303
1222,206,1303
1070,1073,1670
1071,1070,1671
1672,1673,1674
1672,1675,1075
1075,1071,1671
1676,1677,1678
1637,1677,1679
1658,1680,1681
1659,1658,1681
98,97,1682
187,1639,1683
1634,1637,1657
1684,1635,1685
1684,1686,1687
1636,1635,1687
1688,1689,1690
1691,61,1692
64,61,1691
1165,1164,1693
1693,1164,1694
1695,1696,192
1696,1695,1697
9,8,33
34,33,8
1698,75,1699
1700,1701,1702
1702,1701,1703
1704,1299,1705
1299,1704,1706
1707,134,1708
1707,1708,1709
102,101,1077
1015,1094,1373
1373,1094,1710
326,1218,1358
327,326,1358
1711,1490,1712
1711,1712,1713
1714,1715,137
349,1715,1716
1717,141,1342
1342,1344,1717
122,124,1718
1718,124,1719
1081,1042,1021
358,357,542
1147,1051,1720
1352,1656,1355
1441,1037,1721
1722,554,1723
553,554,1722
18,19,1724
1552,1572,1725
1725,1572,1726
1396,1395,1727
361,1301,1396
1412,1414,1728
1412,1728,1729
351,1159,1730
352,351,1730
57,1731,317
317,1731,1732
1733,338,1734
1542,1545,1733
1718,1719,354
1170,1169,1310
1735,1736,1419
1736,1735,162
529,229,1737
1093,1092,1710
1094,1093,1710
1710,1092,1738
1710,1738,1739
6,5,152
102,1077,1315
1494,1491,1446
1494,1446,1740
1077,1284,1315
1315,1284,1313
1741,1241,1742
1244,1741,1743
1443,1626,1744
1444,1745,1746
1629,1627,1747
1629,1748,1749
295,416,221
1750,1751,1752
1751,1750,1753
1754,1755,1631
1755,1754,59
1495,1756,1757
1496,1495,1757
1757,1756,148
149,148,1756
1432,220,1758
165,164,194
1759,1760,1761
1759,1762,1763
1501,1500,1764
1054,1053,1765
1766,1767,1768
1053,1110,1769
1134,215,1268
1770,1771,1772
1771,1770,1773
113,116,1204
1699,75,1774
1699,1774,1775
1020,1019,1172
1426,1425,1776
468,16,1777
469,468,1777
1778,1779,1548
1548,1779,1780
1633,1631,1755
314,316,1633
58,57,317
1383,1382,1781
1115,1098,1382
116,115,204
203,200,1620
142,141,1782
379,376,1344
113,1204,1666
75,74,1774
1361,1597,1783
1597,1598,1783
1162,1276,1784
1724,161,1785
1724,1785,1786
1714,1787,1388
1787,1714,1788
94,1539,1789
95,94,1789
1553,126,1790
169,168,1767
347,349,1791
1022,1021,197
1619,1618,1792
1131,1793,56
1131,1202,1793
1593,1594,1591
1084,1794,1721
1008,1007,1296
159,1326,417
1010,363,237
237,363,1727
1344,376,1690
1121,1120,1086
1795,1796,1797
1795,1797,1798
163,165,1799
1424,126,1553
311,313,1007
1128,1127,1487
1127,156,1487
1035,1442,1394
1770,1772,1302
177,1800,1420
177,176,1800
1547,1778,1550
1779,1778,1771
1439,114,1801
349,346,1398
1802,346,1668
1646,1647,1648
340,1803,1804
1804,1803,1805
1395,1398,1802
1806,217,1807
1649,1648,1653
346,348,1668
107,106,1796
108,107,1693
1400,1399,1403
1399,1401,1387
317,314,58
1633,316,1808
21,23,1809
350,186,1050
1770,1302,1810
1773,1770,1810
1146,1143,1811
1048,1147,1686
1812,1813,1814
1813,1812,1815
1806,1807,1816
1816,1807,1782
1817,209,1425
212,209,1817
1818,1819,1820
1819,1818,1427
1821,193,98
194,193,1821
1822,1823,1824
1823,1822,1825
134,1707,92
92,91,134
1826,1728,1417
1301,138,1396
1827,1817,1828
1817,1425,1828
170,167,1829
1830,1816,1831
1150,1832,1345
1150,1186,1832
1695,192,1713
1713,1712,1695
192,1551,1713
1713,1551,1703
1307,1306,1544
1544,1546,1307
1833,1834,1835
1604,1606,1836
1604,1836,1837
1833,1835,1838
1327,1330,1836
1839,63,1820
1839,1820,1840
1645,1601,1841
1645,1842,27
97,340,1682
340,339,1141
1843,1567,1780
1843,1780,1844
2,172,1845
226,1552,1725
187,189,68
1507,1509,1846
330,328,1794
1794,328,1847
1139,341,1848
1501,1764,1743
1849,1850,1851
1850,1704,1852
1760,1849,1853
1849,1760,1763
1568,163,1854
1142,1144,1295
1412,1729,1416
374,373,1855
1852,1704,1856
1704,1705,1856
1857,1858,1304
1859,1860,1861
1859,1861,1815
50,52,1108
1021,1042,197
1379,111,1862
1133,55,1242
331,334,1674
1863,1484,1781
1863,1382,1193
140,1864,1865
140,1865,1460
1026,1162,1866
1799,1821,1682
1799,1682,1804
1717,1689,1867
1689,1688,1867
20,22,234
1223,1222,1257
235,1857,1801
189,1641,68
1642,1730,1574
195,1868,1869
1696,1697,1868
1774,74,85
88,85,74
1441,1721,1870
4,6,323
1168,1165,107
78,80,1025
78,1025,196
1451,1450,1454
234,1467,1871
135,133,1792
1792,133,109
1872,1536,1505
1505,1504,1872
354,1719,1873
202,201,1389
1874,214,1875
74,73,88
1794,1847,1870
1876,1877,1105
1286,1105,1877
67,1588,1589
1589,1588,1878
446,516,1418
223,1419,1736
1045,1179,1795
1561,1560,1879
1558,1559,1560
1070,1670,1671
1671,1670,1673
487,486,1349
1383,86,1116
1711,1713,1703
1542,1733,1496
1206,1880,1881
1881,1880,10
1672,1674,1675
1675,1674,1882
167,1883,1329
205,1439,1857
503,437,355
1884,1273,1885
1884,1885,1886
1887,1653,1888
1653,1887,1889
1890,1529,181
1890,181,1309
1698,1699,1603
1600,1603,1699
1782,1867,1831
325,118,1188
1381,1619,109
1619,1381,1891
110,112,90
110,1892,1893
190,73,312
1489,1488,1514
91,90,112
1617,1619,1891
1714,137,1788
1724,1786,1894
1325,1320,1508
1872,1504,1506
1445,1895,1896
1624,1895,1621
1103,1193,1382
1629,1749,1522
197,196,1025
1463,1462,1465
1462,1464,1367
1652,1651,1889
1567,1566,1570
372,374,1197
1897,1440,1571
123,1440,1897
344,1898,1494
1898,345,1899
1057,1384,1900
1620,200,106
335,338,1306
1784,1901,1866
1901,1784,1902
35,32,1331
1227,35,1331
1535,1534,1903
174,177,1627
365,367,1625
1626,1532,1749
1731,1904,1697
1732,1731,1697
1905,121,1906
124,121,1905
89,92,1907
1437,1059,1908
1656,1437,1908
1909,364,1910
367,364,1909
1025,1022,197
1106,1105,1297
1200,1075,1675
1399,1387,1787
1387,1388,1787
1707,1871,1911
1707,1709,1871
56,1793,1594
129,131,1669
131,238,1802
1514,1488,1912
1490,315,1732
1841,1601,1913
1914,1839,1913
1514,1912,1512
1513,1512,1915
1695,1712,1732
1549,1548,1570
483,1916,1856
1916,588,1917
1092,1607,1738
1918,1919,1920
1919,1918,1559
1195,1206,1881
155,1004,1881
135,1921,1708
1492,1494,1898
103,102,1317
107,1796,1168
440,295,223
1209,104,1922
1210,1209,1922
1869,1868,1592
1592,1904,1596
1475,1473,1477
1473,1472,1477
1923,1898,1853
1849,1851,1923
1217,1214,1480
1317,1318,1924
371,368,1461
1596,1904,1925
1596,1925,1613
229,231,1926
1767,168,1927
1873,1719,1928
1873,1928,1929
1373,1739,1899
224,221,184
1066,1065,1930
236,1666,1667
58,314,1755
1555,62,1556
1373,1710,1739
1599,1842,1841
1599,1426,1842
1677,1676,1679
1679,1676,1680
1818,1564,1931
1427,1818,1931
344,345,1898
1470,1932,1860
1833,1933,1934
1745,1444,1744
288,287,1935
54,56,1594
1553,1790,1936
1577,1576,1578
1485,1586,1775
1108,52,1937
1859,1815,1924
1655,1938,1882
1939,1938,1940
202,1389,1798
1798,1797,202
1879,1560,7
7,1941,1942
179,1527,1530
1527,1526,1530
1878,1943,1678
1878,1678,1662
1944,1474,1945
381,1482,1917
1946,1918,1947
1224,1176,1946
1221,1224,1947
1341,1340,1894
18,1724,1894
1816,1782,1831
1800,176,1948
1757,148,1543
1109,1111,1275
1001,1227,1331
154,153,1001
1654,1949,83
1949,1654,1950
1788,136,1951
98,1682,1821
1793,1202,1591
1426,1776,1585
1385,1892,90
1892,1385,1401
1303,1302,1952
1222,1303,1952
355,1873,1953
1873,1929,1953
43,41,1301
1805,1803,1233
1238,1237,1688
1950,1654,1609
1950,1954,8
92,1707,1907
1514,1516,1489
1618,1511,1955
96,542,1956
1787,1788,1951
1762,1750,1300
59,1754,1503
1537,1536,1540
1537,1539,1956
1860,1932,1957
1470,1314,1932
374,1855,1958
1958,1855,1906
1749,1748,1959
1629,1747,1748
1611,1613,1960
1960,1925,1961
1210,1922,1962
1962,1922,1830
1648,1647,1963
1964,1734,337
1384,1026,1866
1943,1878,1824
1824,1823,1943
1865,1864,219
1398,346,1802
1241,55,1742
1244,1241,1741
1539,94,1956
1929,1754,1630
1906,1855,1965
1593,1592,1596
1496,1733,1966
1967,1968,1355
1967,1969,1970
1189,1188,1270
1585,1776,1971
1409,1582,1971
134,135,1708
1826,1972,1973
1647,1575,1974
1652,1644,1584
1577,1581,1969
1582,25,1585
1576,1575,1646
1646,1649,1650
1577,1969,1975
1975,1967,1656
1971,1972,1417
1972,1776,1976
1760,1759,1763
1850,1763,1706
1739,1977,1978
1916,1917,1979
120,1484,1863
85,87,1483
1609,1608,1980
368,370,1980
1909,1910,1938
334,333,1614
195,192,1696
1513,1981,1982
1703,1981,1915
329,207,1372
1830,1922,1983
1830,1983,1814
1652,1889,1602
1583,1652,1584
1698,1887,313
1887,1888,313
1783,125,1984
128,125,1598
1625,367,1926
1926,367,1737
231,443,1985
1500,1502,1986
162,440,1736
1987,1531,1934
5,7,1942
1919,1557,64
1988,1876,1937
1988,1937,1745
1989,1990,1991
1989,399,1305
1992,1993,1994
1992,1995,1996
1997,1663,1998
1721,1794,1870
1309,1307,1890
1838,1835,1998
1999,2000,2001
1999,2002,1766
2003,1996,1768
2003,1768,1927
1664,1663,1997
1997,1998,1835
1996,1995,1768
1992,1994,1995
1884,2004,1109
1769,1110,2004
1948,176,2005
2005,1987,1933
40,42,1120
63,1555,1820
1931,1564,1846
1507,1846,1562
1559,1557,1919
186,188,1050
1934,1526,2006
1639,1638,1636
1378,1375,1464
1714,1388,1716
1557,1558,1563
44,46,1089
2007,45,2008
1638,1590,1661
1444,1746,1622
1982,2009,2010
2009,1982,2011
2012,1753,2013
1753,1750,2013
1752,2014,1298
1752,1751,2015
1105,1104,1876
84,81,309
1368,1370,329
207,39,1372
1847,328,2016
1154,1158,1963
1363,1362,2017
1358,1360,327
1988,2018,2019
1745,1744,2018
1765,1053,1769
30,29,2020
2020,29,2021
1513,1982,1955
1820,1819,1840
63,1839,2022
1019,1374,1421
1423,1421,1374
98,193,1869
100,98,1869
1982,2010,1955
2020,2021,1474
1717,1344,1689
1440,122,1726
121,123,2023
1778,1547,1771
1814,1813,1806
1950,1609,1954
1609,1980,1954
1766,2002,2024
1999,2001,2002
1694,1256,1952
1165,1693,107
1480,1479,1217
1750,1752,1300
1673,1478,2025
1472,1474,2021
1711,1703,1915
1523,1521,1519
1213,1250,1481
1397,1396,138
1489,1516,2026
1538,2026,2027
316,1489,1808
1503,1499,60
2028,2029,2030
2029,2028,2031
355,354,1873
1780,1779,2032
1548,1780,1570
2010,2009,1921
1921,135,2010
1302,1304,1810
1304,1858,1810
588,382,1917
1633,1755,314
56,53,1131
413,529,2033
1615,333,2034
1685,2035,2007
2012,2035,1660
1370,2036,1367
1370,1369,2036
329,1370,2037
2037,1370,2038
1499,1501,1611
1469,1232,1690
1232,1238,1690
1844,1780,2032
1844,2032,2039
2040,2039,2041
1844,2039,2040
2042,1990,1305
1990,2042,1450
1522,1523,1628
1630,359,1953
2024,2002,211
1729,1728,2043
1827,1828,1837
210,1883,2024
1865,219,1829
170,1829,219
1572,1571,1440
2044,1914,2045
1839,1914,2022
1164,1256,1694
370,1334,1980
1669,1667,1666
1262,1259,2046
1536,1872,1540
1613,1925,1960
1703,1701,1981
315,317,1732
2047,1538,2048
2047,2048,357
1678,1677,1662
375,1199,1428
62,64,1557
1835,1834,2003
1934,2006,1834
1528,1992,2006
1934,1531,1526
2049,1623,1449
1895,1445,1622
1525,1524,1518
1511,1617,1515
1769,2004,2050
181,178,72
1521,1520,70
1518,1523,1519
2014,336,2051
336,2014,2015
1734,1680,1966
1966,1676,1497
1892,1401,2052
1395,1802,238
2053,2016,2054
2053,2054,1377
1367,1464,2038
1370,1367,2038
2055,1366,2056
1454,1450,2057
1449,1346,2058
1860,1859,1318
2028,2030,1761
1803,340,1141
1804,1805,1854
55,54,1742
1980,1608,368
324,322,1333
1418,553,1722
446,1418,1936
182,184,221
106,105,1620
2041,2039,23
1535,2059,2060
1533,1532,1534
1318,1316,1470
1558,1561,1563
1528,1527,150
151,150,1529
1762,1759,2030
1420,1800,1311
1628,1629,1522
1326,1790,185
1610,54,1595
1306,338,1545
2061,1991,1452
2061,1453,2062
1452,1453,2061
1380,1505,1891
1504,1379,1862
2051,336,2063
2051,2063,2064
1623,2049,1896
2065,2049,2058
376,378,1469
1398,1397,1715
141,143,1342
1910,364,173
1423,2066,1747
2066,1423,1930
2067,1935,1945
2067,1945,1476
81,83,1949
1870,1847,1404
1582,1409,2068
1581,1580,2068
1322,1321,371
1319,1322,1605
236,235,1801
20,234,1871
1832,1186,1939
1457,1459,2069
1457,2069,2070
1311,1471,1420
1471,1310,1169
1532,1522,1749
1312,1311,1314
1901,1902,2023
1509,1319,1605
2023,1902,1906
352,1730,1642
89,1907,1386
1263,1170,1312
1506,1466,1872
1266,1265,2071
1030,1029,1392
1677,1637,1661
1866,1901,2062
1898,1899,1853
2060,2059,2065
2064,2063,2072
201,203,1390
1447,1491,1338
1269,1188,120
1674,1673,331
1377,1376,1862
1657,1660,1634
1879,324,1325
122,1718,1726
2044,1586,1692
2044,1692,2022
1763,1762,1706
1762,2030,2013
1659,1681,1753
1680,1658,1679
2011,1700,2073
1964,337,2015
1048,1686,2008
2035,1685,1660
1686,1684,2008
1276,1197,1958
1448,1625,1985
1363,2046,1459
2017,1362,1350
1930,1065,2074
1591,100,1593
341,99,1202
1279,1155,1510
1510,1154,1963
2075,1968,1970
1968,2075,1643
1951,136,1391
310,1949,11
2064,2072,2065
2072,2063,1308
1897,1571,1991
1897,2061,2076
168,170,1431
219,218,170
1249,1057,1456
1057,1900,1456
291,30,2020
1376,1506,1862
2021,332,2025
1366,2055,1462
1608,1343,1461
379,1343,1608
1780,1567,1570
1214,1213,1480
1060,1059,1438
1159,1060,1573
1717,1867,1782
1360,1486,119
327,1360,119
1272,1185,1351
147,2077,2056
2078,2077,2079
2024,1883,169
211,210,2024
399,402,1305
1733,1734,1966
1497,1496,1966
1852,1856,1916
373,375,1743
1136,342,1740
357,360,2047
1680,1676,1966
1236,77,2080
1262,2046,2017
1363,2017,2046
1765,1435,1433
1054,1765,1433
1942,1941,1946
1298,2014,1349
2014,2051,1349
1838,1861,1957
1450,1452,1990
369,371,1321
1722,1723,2079
1722,2079,1554
1401,1400,2052
1402,1403,1404
79,78,1389
1970,1969,1410
1581,2068,1410
1840,1819,1599
1594,1595,54
1922,104,1983
104,103,1983
179,181,1529
1489,2026,1808
1691,1692,1357
1691,1357,1920
287,291,1944
291,2020,1944
1850,1849,1763
345,1373,1899
1413,1412,1416
1408,1410,2068
2081,1569,1568
1565,2082,2083
2084,1822,2085
23,20,1709
1236,2080,1805
77,79,2080
2060,2065,2072
1346,1347,2058
1348,1705,1298
1324,1325,1323
1936,1790,1326
1309,181,72
1603,1602,1889
46,45,2007
2005,176,1987
1725,1726,356
2055,2056,2078
2056,2077,2078
2086,1789,1541
1789,2086,1723
2019,2087,2074
1066,1930,1374
1673,2025,331
1211,1210,1240
1615,2034,2033
2035,2012,2029
2088,1476,1481
2088,1481,1455
332,331,2025
1807,217,1864
1419,1457,1735
2039,2032,1809
1340,469,1777
1339,1337,1340
185,417,1326
1775,1774,1485
1868,1697,1904
2089,2067,2057
2089,2057,2042
1386,1385,89
2047,1632,1808
1289,1067,1468
233,236,1667
158,446,1936
1322,1328,1606
1586,1360,1692
1359,1358,1218
119,118,327
1856,1705,484
1706,1704,1850
1457,2070,1735
226,1725,356
228,544,1552
1461,1343,143
127,1424,1429
1723,2086,2078
1204,129,1669
1720,1683,1686
1182,1181,1350
1622,1621,1895
340,1804,1682
2062,1901,2076
1991,2061,1897
2007,2035,2031
1964,1751,1681
2090,2069,1811
2069,1459,2091
377,379,1608
1799,1804,1854
1146,1811,2091
1259,1146,2091
2090,2092,1785
2090,1785,2070
2053,1377,1893
2012,2013,2029
1142,2093,1811
1142,1266,2093
1783,1598,125
1276,1958,1902
94,96,1956
95,1789,1723
1339,1341,1875
1482,1493,1979
348,233,1667
1932,1314,1948
1842,1426,1585
1429,1430,2094
1430,1424,1554
1812,1814,1983
1369,1434,2036
313,76,1698
24,1583,1584
1265,214,2071
1874,2092,2071
1918,1920,1947
1500,1986,1965
1929,1928,1502
1946,1176,1942
1400,1402,2052
1427,1931,1828
1818,1820,1555
1670,1073,1479
1158,1007,1888
189,186,352
21,1809,1810
1893,1892,2052
1839,1840,1913
76,75,1698
316,315,1488
1360,1357,1692
1730,1159,1573
2004,1884,2050
1748,1747,2066
1612,1611,1501
1429,2050,1886
1884,1886,2050
1434,1435,144
1459,2046,2091
1877,1876,1988
2019,2074,1286
1511,1513,1955
1792,1618,1955
1392,319,1030
136,139,320
1927,168,1664
1957,1932,2005
1279,1510,1908
1218,1221,1359
1784,1276,1902
1824,1588,2085
1878,1588,1824
2037,2038,2054
1381,1380,1891
112,109,133
2095,127,1886
1573,1574,1730
1635,1634,1660
143,140,1460
1175,152,5
196,199,1798
1797,1796,106
1716,1388,1791
2023,123,2076
2081,1568,2096
1854,1805,2096
1474,1473,1945
1935,2067,2089
1617,1891,1517
72,69,1309
1308,1309,69
1994,1993,2097
2098,2097,2099
2084,2085,2100
2098,2043,2000
1439,1801,1857
1729,2043,2098
2098,2000,1994
416,182,221
45,1048,2008
1415,2100,2075
1416,1729,2084
150,149,1993
1587,1643,2075
1643,1641,1356
342,344,1740
1321,1324,369
1325,1508,1561
1415,1416,2100
2075,1970,1415
1362,1361,1783
1547,108,1772
1461,368,1608
1746,1745,1937
1988,2019,1877
24,26,1579
1644,1645,1584
1781,1382,1863
120,1863,1269
2094,1430,2077
1699,1775,2045
9,33,1487
156,9,1487
220,217,1806
1151,1150,1345
1683,1720,188
1810,1858,21
235,22,1858
60,59,1503
217,219,1864
1583,1650,1651
1598,183,128
1442,1441,1870
1748,2066,2087
1422,1423,1747
1690,1689,1344
1761,1760,1978
1493,1492,1923
16,18,1777
1894,1340,1777
1490,1711,1912
1697,1695,1732
200,202,1797
106,200,1797
1917,1482,1979
382,381,1917
164,1565,2083
223,1736,440
1523,1524,1628
1625,1624,365
125,127,2095
1795,1798,199
1460,1865,1328
1320,1319,1507
1606,1605,1322
52,0,1845
212,1817,1827
1969,1967,1975
1334,34,1954
2043,1826,2001
1997,1835,2003
1413,1415,1411
1834,1833,1934
2100,2085,1587
2097,1993,149
1822,2084,2099
1768,1995,1999
1766,1768,1999
1826,1417,1972
1971,1776,1972
1786,1785,2092
1407,1417,1414
2028,1977,1607
1116,1115,1383
2,3,173
1406,1403,1399
1756,1495,2101
1647,1974,1510
1826,1973,2001
1353,1352,1355
1575,1577,1975
1390,203,2081
1600,1699,2045
1846,1509,1837
137,136,1788
1179,1168,1796
1338,1339,1447
1447,1446,1491
1995,1994,2000
1110,1109,2004
360,1632,2047
1632,1633,1808
1767,1766,169
2000,1999,1995
2073,1700,1843
1169,1019,1471
1893,1377,111
1953,1929,1630
42,48,1086
1943,1823,2101
149,1756,1825
1666,1204,1669
2070,2069,2090
1813,1663,1758
1698,1603,1887
1345,1832,1940
1685,1635,1660
1336,1338,1482
1845,172,1746
1731,57,1961
403,288,2089
1978,1977,1761
1167,1168,1180
8,11,1950
1481,1250,1455
1920,1919,1691
1672,1075,1671
1186,1200,1939
1351,2095,1885
1811,2069,2091
2055,2086,1465
1307,1546,1890
1570,1569,1549
336,335,2063
338,1733,1545
1351,1350,1984
1984,125,2095
1983,103,1812
363,361,1727
110,90,1892
90,89,1385
288,1935,2089
146,1365,2036
1874,1875,1341
1325,324,1323
2055,2078,2086
1616,1615,2033
1656,1908,1974
1067,320,1468
1334,1333,1335
34,8,1954
1488,1490,1912
198,197,1040
2058,1347,2064
2060,2072,69
2090,1811,2093
1143,1142,1811
320,1391,136
148,151,1543
1478,1477,1472
1772,108,1694
1,0,51
3,1345,1940
7,4,1879
1816,1830,1814
1501,1743,1612
1690,376,1469
1741,1742,1612
140,142,1864
7,1560,1941
1164,1166,1258
1844,2040,2073
1743,1764,373
1906,121,2023
2096,2080,1390
1642,189,352
1838,1957,1933
2003,1927,1997
1865,1829,1328
123,1897,2076
1425,209,1976
211,1973,1976
1239,1238,1255
1664,1997,1927
1619,1792,109
1453,1451,1456
1665,236,1801
1463,1466,1378
2015,1751,1964
1298,1300,1752
1553,1936,1418
2029,2031,2035
2054,2038,1375
1576,1646,1650
1963,1158,1888
1719,124,1905
1004,1195,1881
1316,1315,1313
1284,1263,1313
1924,1318,1859
359,503,1953
1949,1950,11
1329,1328,1829
1328,1327,1606
1946,1947,1224
141,1717,1782
1847,2016,1402
1785,161,2070
1744,1626,1959
319,321,1030
1405,1406,1393
1176,1175,1942
1728,1414,1417
1414,1413,1411
1948,2005,1932
483,588,1916
1742,54,1610
165,194,1821
128,185,1790
132,130,1010
1769,2050,1436
210,212,1330
1701,1700,2011
1404,1847,1402
1393,1394,1405
443,550,1985
221,223,295
1455,1454,2088
1479,1478,1670
1411,1407,1414
238,237,1727
1483,1485,85
1286,1877,2019
544,1498,1552
1502,1503,1929
1764,1500,1965
1506,1504,1862
1515,1514,1512
1538,1537,2048
1535,2060,71
1531,1987,175
172,171,1622
70,72,1519
174,1628,1524
180,179,1530
1540,1539,1537
1539,1541,1789
235,234,22
367,1909,1616
203,1549,2081
1548,1550,1778
1715,349,1398
1508,1563,1561
1569,2081,1549
1579,1576,1650
2019,2018,2087
68,1640,187
222,224,1364
1591,1594,1793
1665,113,1666
1554,1553,1418
1353,1356,1574
64,1691,1919
1556,1557,1563
1896,2049,2059
1448,1449,1623
542,357,2048
1808,2026,2047
175,1525,1531
1051,188,1720
1968,1643,1356
1719,1905,1986
1683,1639,1687
1578,1579,26
1602,1644,1652
1382,1098,1103
1858,1857,235
1998,1663,1815
1663,1432,1758
114,1665,1801
1836,1330,1827
232,229,529
1681,1680,1964
1660,1659,2012
97,99,341
1162,1784,1866
1640,1639,187
1684,1685,2008
2007,2008,1685
22,21,1858
1467,347,1911
1899,1739,1978
1822,1824,2085
1227,1228,1246
1676,1678,1497
1956,542,2048
1058,1057,1291
1759,1761,2030
1851,1850,1852
118,120,1188
1746,1937,1845
1937,52,1845
1206,308,1880
1333,1323,324
1561,1879,1325
1910,173,3
1600,2045,1913
1512,1912,1915
2072,1308,69
2009,2011,2073
1796,1795,1179
78,196,1389
1616,2033,1737
1737,367,1616
1371,1433,1435
46,2031,1607
1492,1898,1923
1914,2044,2022
2014,1752,2015
1762,1300,1706
2030,2029,2013
1765,1769,1436
1894,1786,1341
1955,2010,1792
1517,1515,1617
61,63,2022
1555,1564,1818
1330,1329,1883
38,1054,1433
227,226,353
1543,1542,1757
1651,1653,1889
1648,1963,1888
1727,1395,238
1396,1727,361
1436,2050,2094
1434,146,2036
1516,1517,2027
1959,1748,2087
1991,1990,1452
1590,1589,1662
1631,1630,1754
2041,23,1709
1658,1657,1679
1711,1915,1912
1444,1443,1744
1707,1911,1907
1756,2101,1825
1809,23,2039
1926,231,1985
529,1737,2033
332,29,2034
1994,2097,2098
32,323,1331
2079,2077,1430
214,1874,2071
1829,167,1329
139,1301,41
1688,1690,1238
1625,1926,1985
1688,1962,1831
2061,2062,2076
1197,374,1958
1443,1445,1903
1404,1442,1870
1743,1741,1612
2018,1744,1959
1904,1731,1925
2027,1517,1505
356,353,226
1535,1903,2059
1534,1443,1903
310,81,1949
310,11,1880
1812,103,1924
550,1448,1985
1871,1467,1911
1867,1688,1831
1783,1984,1362
1973,1972,1976
1545,1544,1306
2040,2041,1921
1601,1600,1913
1465,1462,2055
1418,1722,1554
1445,1444,1622
2005,1933,1957
337,336,2015
1019,1421,1471
1627,177,1422
1560,1559,1941
1427,1599,1819
1491,1493,1338
1494,1740,344
1546,151,1890
320,139,1468
1928,1719,1986
1905,1906,1965
199,1045,1795
1464,1375,2038
109,111,1381
1855,373,1764
1958,1906,1902
1399,1787,1406
194,164,2083
1702,1703,1551
1474,1944,2020
82,84,1229
1348,484,1705
484,483,1856
1726,1718,356
1989,1991,1571
2081,2096,1390
1181,1262,2017
1466,1540,1872
1882,1938,1939
1350,1362,1984
218,220,1432
1256,1222,1952
1799,165,1821
1568,1854,2096
65,1590,1640
1996,2003,1834
2065,2058,2064
1391,1393,1951
1528,150,1993
2086,1541,1465
2097,149,1825
2017,1350,1181
1750,1762,2013
117,119,1486
2025,1478,1472
2049,2065,2059
1595,1596,1613
1806,1816,1814
1836,1606,1327
1781,1484,87
378,1654,83
19,161,1724
1466,1465,1541
1891,1505,1517
1109,1273,1884
364,366,173
1007,313,1888
1798,1389,196
1622,1746,172
105,1547,1550
147,144,1436
2057,2067,2088
1250,1249,1455
348,347,1467
1300,1299,1706
1237,1210,1962
142,1782,1807
1464,1463,1378
1508,1507,1562
5,1942,1175
103,1317,1924
1830,1831,1962
127,1429,1886
1357,1359,1920
347,1791,1911
1673,1672,1671
338,337,1734
1715,1714,1716
1580,1582,2068
1772,1771,1547
1529,1890,151
1460,1461,143
222,1364,1458
1823,1825,2101
133,91,112
57,60,1961
1871,1709,20
1554,2079,1430
1356,1355,1968
1393,1406,1951
1029,1035,1394
1896,1895,1623
1315,1317,102
1456,1900,1453
1837,1836,1827
1313,1470,1316
1728,1826,2043
2099,2097,1825
216,1447,1875
1299,1298,1705
1943,2101,1497
1419,222,1458
2073,2040,2009
1935,287,1944
1484,1483,87
137,1715,1397
1907,1911,1791
1965,1855,1764
1708,1921,2041
2016,2053,1402
1853,1899,1978
1843,1700,2082
2001,2000,2043
1982,1981,2011
1866,2062,1900
60,1499,1960
1034,1037,1441
2084,2100,1416
1883,210,1330
1314,1311,1948
308,310,1880
1848,341,1202
167,169,1883
1837,1828,1931
1635,1684,1687
1588,1587,2085
1585,1971,1582
138,137,1397
1476,1475,1481
1968,1967,1970
328,329,2037
333,332,2034
188,187,1683
2062,1453,1900
211,2002,1973
161,162,1735
1503,1754,1929
1599,1841,1840
2084,1729,2099
1747,1627,1422
176,175,1987
1513,1915,1981
1533,1535,71
1834,2006,1996
1068,1067,1290
1339,1875,1447
145,147,2056
1512,1511,1515
1566,1565,166
487,1349,1347
1531,1530,1526
1774,85,1485
1449,494,1346
1678,1943,1497
1636,1687,1639
1305,403,2042
1498,399,1989
1343,1342,143
2002,2001,1973
1477,1480,1475
1776,1425,1976
1969,1581,1410
1961,1925,1731
1923,1851,1493
1687,1686,1683
1960,1961,60
1734,1964,1680
193,195,1869
1302,1772,1952
1738,1607,1977
1981,1701,2011
1900,1384,1866
1536,1538,2027
2074,2087,2066
1751,1753,1681
1423,1374,1930
1323,369,1324
1496,1757,1542
1825,1822,2099
1815,1861,1998
1193,1269,1863
1193,1194,1271
1495,1497,2101
18,1894,1777
1454,2057,2088
46,2007,2031
1861,1860,1957
1815,1812,1924
1637,1636,1661
1916,1979,1852
1963,1647,1510
2075,2100,1587
312,1009,1192
1505,1536,2027
1084,330,1794
554,95,1723
1908,1510,1974
171,173,366
1766,2024,169
1509,1604,1837
41,1468,139
1065,1286,2074
2016,328,2037
208,207,330
413,2033,2034
135,1792,2010
36,38,1433
1610,1612,1742
1436,1435,1765
1421,1420,1471
1768,1767,1927
1921,2009,2040
1446,216,1740
1273,1272,1885
1559,1918,1941
2066,1930,2074
1645,1841,1842
126,128,1790
1108,1937,1876
2095,1351,1984
1940,1938,1910
1889,1887,1603
1806,1813,1758
2089,2042,403
29,31,2034
2028,1761,1977
1773,1810,1809
1753,2012,1659
2092,1874,1786
163,1799,1854
1986,1502,1928
1537,1956,2048
1771,1773,1779
1361,1364,224
237,132,1010
1896,2059,1903
1653,1648,1888
1200,1675,1939
1564,1562,1846
1388,1386,1791
1589,1878,1662
2054,2016,2037
1886,1885,2095
1739,1738,1977
1938,1655,1909
1901,2023,2076
1349,2051,1347
1918,1946,1941
1674,334,1882
1304,205,1857
2026,1538,2047
1692,61,2022
1354,1353,1574
1059,1279,1908
1141,1140,1234
10,155,1881
1992,1996,2006
1668,1669,131
349,1716,1791
1086,1120,42
1874,1341,1786
86,88,191
2067,1476,2088
1229,1232,1469
87,1383,1781
1326,158,1936
1098,1097,1103
1136,1740,216
1661,1662,1677
1420,1422,177
175,174,1524
1641,1642,1356
1965,1986,1905
1306,1308,335
1470,1860,1318
1970,1410,1415
334,1655,1882
2078,2079,1723
166,1568,1569
1386,1907,1791
1688,1237,1962
1445,1896,1903
212,1827,1330
1565,1567,2082
1202,1203,1848
2032,1779,1773
2077,147,2094
1526,1528,2006
345,343,1015
1147,1720,1686
1450,2042,2057
2053,1893,2052
1726,1572,1440
1800,1948,1311
1550,1620,105
2044,2045,1775
1802,1668,131
214,216,1875
1431,1664,168
1853,1849,1923
1613,1610,1595
1364,1363,1459
2046,1259,2091
1931,1846,1837
6,154,323
1939,1940,1832
2026,1516,2027
1611,1960,1499
1787,1951,1406
1947,1920,1359
1775,1586,2044
1042,1040,197
1624,1623,1895
1712,1490,1732
1700,1702,2082
224,1597,1361
1043,1042,1080
1607,1089,46
27,1584,1645
69,71,2060
4,324,1879
99,1591,1202
1914,1913,2045
1592,1868,1904
1057,1027,1384
1694,1952,1772
1571,1498,1989
1813,1815,1663
1039,1045,198
1693,1694,108
73,76,312
2021,29,332
1862,111,1377
1394,1392,1029
2071,2092,2093
1851,1852,1979
1417,1409,1971
1975,1656,1974
1944,1945,1935
1637,1679,1657
1833,1838,1933
31,413,2034
1988,1745,2018
1934,1933,1987
1974,1575,1975
191,1116,86
322,32,1335
1655,1616,1909
39,36,1372
1675,1882,1939
2087,2018,1959
1410,1411,1415
354,356,1718
65,67,1589
1040,1039,198
1272,1351,1885
83,82,378
1375,1377,2054
1737,229,1926
1805,2080,2096
1990,1989,1305
1233,1236,1805
1493,1482,1338
79,1390,2080
1843,1844,2073
1642,1574,1356
1037,1084,1721
1592,100,1869
1385,1387,1401
216,213,1136
1322,1460,1328
1807,1864,142
1621,365,1624
11,10,1880
111,110,1893
59,58,1755
381,383,1336
1760,1853,1978
375,1244,1743
26,25,1580
2051,2064,1347
1349,1348,1298
1809,2032,1773
1758,220,1806
1456,1455,1249
460,487,1347
1481,1480,1213
33,35,1487
1253,77,1283
1868,195,1696
1073,1217,1479
209,211,1976
1308,2063,335
1459,1458,1364
1527,1529,150
1104,1108,1876
1673,1670,1478
3,1940,1910
1979,1493,1851
2031,2028,1607
51,1151,1
1473,1476,1945
2052,1402,2053
1520,1533,71
1355,1656,1967
1993,1992,1528
1585,27,1842
2098,2099,1729
1626,1749,1959
184,183,1597
1436,2094,147
1018,1066,1374
1841,1913,1840
1429,2094,2050
1472,2021,2025
2049,1449,2058
2083,2082,1702
1954,1980,1334
1366,145,2056
154,1331,323
1367,1366,1462
383,455,1337
1702,1551,2083
377,1609,1654
1221,1947,1359
1425,1427,1828
1838,1998,1861
2092,2090,2093
1709,1708,2041
1141,1233,1803
1365,1367,2036
0,2,1845
1551,194,2083
1409,1408,2068
1735,2070,161
503,355,1953
1567,1843,2082
1266,2071,2093